sequenceInt
8084
7366
3210
3195
4008
1875
3383
3673
9358
2205
2950
7647
2374
5587
5964
2374
2776
5614
7527
2744
429
8951
223
9962
5803
6499
1403
3651
7062
5942
8210
5146
3308
7772
4694
3668
9647
4429
7341
5357
6635
291
3005
9009
2231
5321
7735
1359
935
5262
4104
1364
4213
4327
7678
17
7179
5434
3668
4241
1376
8230
5739
1036
6002
6785
4704
2001
1215
8398
7359
7850
8689
6716
3211
7272
2037
947
8632
2972
2561
2736
688
6775
3415
8367
3144
6946
3801
6812
1187
1529
1395
6927
2565
3749
3712
7269
5751
1279
5667
9462
5481
709
6178
8693
4333
8215
5992
2965
7539
8553
2053
8227
1680
5469
2946
4824
2415
3099
7989
9955
4628
9384
6882
3545
3133
6946
7167
5236
4578
9186
4698
59
6247
7228
5104
581
1795
1096
3546
9334
6002
5600
3914
4034
7421
3212
8859
6188
6312
6848
6143
7292
2584
9377
7190
2069
2676
4357
7306
7254
3543
8356
7313
9791
1937
2418
6724
3732
9866
270
9419
2220
2222
3333
6255
9643
2897
5114
2184
9209
8314
8327
2854
7250
4057
44
9319
6733
4401
2977
3987
4296
1334
7652
439
9623
70
7163
3355
6289
7434
2774
8509
6008
2459
4764
2004
5357
9878
4188
918
4544
8867
124
1794
2924
168
7466
6009
921
443
9996
1570
8129
4001
2009
7752
4071
9173
1108
360
2959
234
8870
8967
2694
9986
971
4403
9865
1511
1673
761
379
1798
2556
9655
1966
22
5665
9240
6817
2013
810
4947
6014
2819
2699
6438
8344
159
3150
1303
6746
8372
6623
5792
8359
3946
195
4576
5458
1868
5337
2189
18
4245
1844
1985
619
3861
7577
3789
5875
8387
8736
8241
7558
7787
1031
5903
4299
4182
3558
1045
8906
181
6837
7265
4128
7032
8193
5938
5252
9883
8127
5271
480
6323
3608
1100
6537
7537
4889
2412
2276
9977
7005
9834
4116
8037
2089
8415
8571
5648
9460
3829
5829
6297
1095
6309
9681
5640
2247
1286
5523
6726
2909
6004
9402
2869
3456
5939
406
4697
4703
2682
1026
1708
8868
5142
6097
958
3558
1020
6606
3018
4850
8787
5668
2297
1449
1701
7937
48
2987
9813
6775
2248
2169
6177
5117
1977
2116
5523
3026
3171
4557
4052
4879
3426
9194
7329
4384
9104
4701
7342
8475
9551
2481
4143
8200
3930
2196
2490
3979
1536
2303
7106
3784
824
9635
8902
9153
8103
777
2179
1274
5335
6231
2505
8761
1777
6186
9497
882
888
3191
5709
439
5672
6204
8640
5955
8400
1130
6286
9936
9785
9744
3721
6961
9379
2623
6114
7482
3400
8293
5108
5087
876
7613
3848
9005
3800
9697
6239
1040
2888
1948
1479
4913
8152
6471
7220
2905
3953
3506
2841
90
3250
2914
3403
8981
1889
9517
2815
5290
4162
7923
6729
1390
1888
578
396
2040
6627
2987
3080
9516
4936
912
781
9440
3735
8001
8697
4041
7859
1539
483
1109
4453
3887
6442
6343
3404
9257
7985
3919
3532
4714
5309
1772
1644
2057
165
8272
5045
9597
4140
6333
509
1273
2125
597
9274
823
990
7133
8714
1473
4594
3167
1712
1036
5862
1469
6645
199
5388
177
1266
7049
8301
2910
9107
8466
7534
504
8064
8026
3189
4925
9299
5314
1874
8573
6137
2864
2058
4851
690
6652
4371
2402
4040
6585
223
685
3137
1963
7214
4403
9013
5516
3665
4472
334
7552
4976
8398
5578
8165
9676
1230
9831
1550
6155
2321
767
8214
3524
1457
1218
4247
211
5259
833
435
2296
322
2398
5863
4725
7763
7731
4742
2235
8065
2294
3563
2816
4225
8080
2492
1807
7912
4042
7962
6585
4809
6176
109
2618
3747
4357
2830
9006
1542
9617
7654
1864
8367
3517
2941
6131
1248
7683
4718
9314
6330
4634
2130
6907
2714
974
8714
6978
5016
6676
3563
6178
9205
3673
8796
9304
8030
7978
8310
9572
7595
2316
7788
2315
5834
729
4798
3434
8412
9516
9100
1094
4150
7582
8001
6865
8556
3067
195
3573
6096
3759
6103
5301
7432
4899
4605
1814
2878
9267
7738
6825
7935
5526
9140
3769
6255
3938
3556
1019
9807
2656
8466
3957
239
6467
7174
8795
5887
7370
8720
1983
7481
4823
3636
4913
6075
4593
3079
5305
212
817
2130
8147
6343
7623
8269
8950
1561
1825
9969
7720
833
8435
1678
1072
1255
5204
6220
7142
8926
4940
5477
6407
6116
9113
7672
8543
58
751
3848
270
7920
2330
4769
4263
9953
9390
3213
7867
1215
9535
5587
2049
4322
3617
9473
5577
8822
5693
9071
7748
6986
900
508
9454
6365
8180
7997
6423
5284
8197
3045
3204
527
7815
3820
6833
7205
7033
4700
4773
2920
6639
3174
7243
257
8999
9172
5431
4693
8244
9531
8031
5496
39
3837
1862
4572
1834
8285
9856
6383
7683
3060
3262
5498
6880
95
9055
266
1147
180
9538
4139
3354
6781
748
2354
2306
6179
3399
6902
5710
7782
2398
2102
1619
4260
6674
9805
8898
6530
6188
6581
5942
9450
8431
9175
5898
3838
5793
3397
4019
5331
7536
7373
8465
4636
6079
771
815
5830
7673
2878
3612
71
4980
5231
684
1654
5036
9582
4536
7576
2515
6830
7027
946
6005
9277
4784
1798
9026
5155
7130
2915
8881
5595
7551
4960
2718
8367
7143
391
7597
755
6814
2577
5987
7498
583
7375
3432
1471
4952
5947
8301
8331
3245
4307
3960
4382
2457
2986
9537
5939
5901
8418
7886
3453
9731
604
8172
6874
995
5769
3981
4162
4698
6320
8012
1633
3696
1445
3104
5000
3744
1405
3331
6990
2064
7291
7724
4522
6629
7261
6813
2531
2032
4700
2336
8115
5304
6860
1341
2652
8981
5322
6814
31
1643
4826
1664
1691
2623
4768
6691
6368
2525
6374
9710
4590
17
7434
5464
6646
1047
2277
5529
9431
6977
4217
7546
8634
7429
8887
1286
6410
562
4452
6441
8557
5630
8105
248
8254
9225
3291
4622
1751
9665
684
2693
6034
8118
4509
2680
5517
3138
4562
4949
6468
8779
8847
5102
6209
4087
2740
8971
4649
7192
5413
3206
2822
9870
9806
7428
5448
3097
8402
7199
9114
9086
6244
5148
7204
753
4180
9074
3891
8742
375
359
3874
9222
1813
6435
3309
4553
5406
4310
8097
7171
3868
7272
7042
3674
4700
2490
3123
3103
6041
8589
2189
8637
89
5746
9390
622
1172
9633
5716
1547
9993
9590
769
1806
6025
431
2712
1432
1093
809
4955
4962
8081
1997
4988
2782
839
4464
2237
3232
9405
778
1869
9495
6524
7611
117
7696
7245
2185
9243
3590
1776
6365
1748
4153
3148
4460
1937
4241
5270
6893
5555
9703
5242
544
8837
2434
1360
1074
5666
765
1853
3888
6612
4729
1499
3081
2426
5096
5267
8021
8686
3395
738
6787
7548
3886
1247
5838
8128
2869
2731
3683
8925
4325
579
7762
6759
8291
8837
8778
9057
7042
9018
5669
1771
517
8751
549
1966
370
4923
7004
3765
5661
3791
7665
9548
1391
3503
4028
4260
2586
4063
9537
6912
995
7300
23
9286
2489
8801
8343
9531
4171
365
1302
1041
5468
1852
3007
5838
3127
11
5955
8788
3803
3620
4688
1546
7124
5068
2158
9710
9132
1696
2974
6479
8996
2998
5765
1485
8151
461
1016
2323
826
8670
3364
2646
6874
2723
4836
1
2734
791
8790
2889
4411
9830
4435
1535
4899
6594
7598
4031
4642
6924
6862
3638
6274
2627
5123
778
3088
2491
9453
266
1161
9169
9264
8036
1892
4100
4389
978
4891
3179
220
9303
3010
1007
7190
4261
3953
1140
8292
8595
4417
1506
2233
691
4133
3708
1469
3574
6199
922
192
3713
91
9457
8101
8335
9909
2490
9314
4801
2022
9534
456
5032
541
3998
9293
4495
1491
3937
9442
5908
1795
1676
6599
5928
5384
4421
5854
7936
5343
6047
1649
1787
1856
6102
6474
1765
8592
5788
6566
614
1674
3374
1998
8568
7373
7643
9415
8864
7932
8857
1124
9727
533
7723
2008
2270
2144
7862
6558
3840
3909
4559
1979
5765
661
8453
3883
9253
594
449
6220
2268
176
8218
836
3901
2214
251
9117
146
5461
241
6226
2346
4316
8234
4616
6461
6096
1174
6653
6358
2085
4984
8475
2746
3437
2358
8352
4031
9160
4572
2652
9336
9142
3488
9589
1356
92
8706
7855
5553
8947
4081
7899
3263
8667
8868
6076
4763
6394
9081
7473
8480
4065
5949
7578
3855
4659
5930
4238
3819
502
6890
9507
5997
6731
9096
7353
6823
4154
1560
8728
9453
1993
2979
2717
660
8199
5145
1776
4594
579
5601
9426
996
7902
7004
4851
2562
2935
9090
6381
9789
2332
2241
5786
9063
7689
9492
2238
1844
7404
7318
1297
9398
298
366
6410
4849
1864
4538
9443
2443
140
5221
3439
4394
2226
4643
6956
1513
3733
9690
1302
6065
1931
3441
1481
9620
2933
3719
7816
337
1038
9114
6087
7688
9480
8850
2537
1344
3388
8333
139
9880
3554
9931
4275
2132
4574
7583
3645
4659
7273
1300
724
9204
4741
8557
5177
4026
2277
2993
715
9667
8459
6803
3707
4292
2005
6244
1988
5393
929
2128
1626
4484
2059
2253
2968
6633
9836
2966
7644
3462
4266
8368
9018
5359
3278
4195
5737
5555
3541
6452
1574
2000
9607
5281
6292
1612
7877
8281
3358
8807
6761
1336
9643
5172
9941
8963
8157
6129
1929
5801
9591
2547
521
8610
4258
3799
9157
9995
5706
2698
2800
7280
1051
8759
8913
3695
372
6791
8328
82
1950
5089
1418
7945
261
7711
6908
8418
3840
5190
4219
3432
7737
1093
8394
8348
4892
7551
4695
599
250
7495
7879
7653
6255
3145
1348
2979
9936
9677
9413
8238
1118
831
6183
7732
8542
9443
2502
8734
4633
3074
2166
8723
4167
560
3423
9059
4464
8118
9658
1066
1966
3890
8719
8221
7035
6419
7552
3323
2448
6965
7913
3567
4148
4096
7651
9042
9891
153
7776
877
3227
6295
5952
7394
3207
9375
2806
7671
7493
2464
8737
5811
2706
7456
4032
6093
228
7936
9416
2676
1253
7329
2595
5401
7777
246
795
4021
6752
8572
4898
9979
4867
7202
3726
8074
2929
6532
5746
6774
5348
835
2586
8055
4644
2970
4148
4872
907
3565
3900
2160
7246
6496
3914
1376
3094
4709
5397
6198
9633
6647
6178
4500
3849
6256
8927
6778
2788
1025
3552
8136
1860
6138
2543
6504
9109
6692
7728
6368
6609
1629
4880
207
4477
5146
1583
3923
9856
6980
122
9489
3627
2652
342
7476
8908
5621
606
1696
6646
511
6184
4858
6649
8728
7715
2110
1772
5443
8478
8381
3424
9711
8588
4253
4857
172
8177
1065
7152
8299
6907
7132
951
7249
960
6211
9222
1567
4259
2220
2078
443
7078
5079
5523
1145
3542
7295
2941
8372
5676
2717
8083
617
6971
2941
789
5148
358
4293
9799
7265
1425
7102
866
8738
3313
88
305
7572
2308
8735
4367
5739
166
9891
3236
3708
7186
6177
2081
9215
8895
164
9832
5866
9457
621
7366
9816
1266
7165
3433
9044
4267
4300
7782
7580
4388
4439
5152
6697
3174
5871
8788
3340
5762
2024
7049
2949
8202
5482
8516
3449
1998
8348
5667
7808
5321
3033
3976
6587
198
7409
1983
4465
1709
9765
8397
6098
4204
9901
9147
3730
5772
7935
7071
1535
6311
472
836
865
2306
9352
4314
4304
4052
9981
2112
9373
9366
6088
2312
9564
3498
4296
381
1559
413
8778
7657
4618
8679
6804
4700
4452
1091
1771
2339
7403
8595
3175
4620
7253
8879
8935
1558
2931
5268
22
8656
4635
2463
968
551
2313
5264
933
3872
2030
6063
7882
3000
4743
4686
7700
5547
2130
5824
7886
5885
4419
7413
505
8025
6292
5792
9583
5575
1061
5957
4231
2048
4772
5199
8951
7085
6816
9884
958
8846
5948
8840
1846
7043
9878
9546
2590
8360
5370
476
597
6142
7889
7455
4167
533
3247
102
6108
660
2411
339
9060
7184
1890
8012
4269
8706
4248
1579
3904
6548
6771
2102
3591
3002
8001
2533
7714
9723
3009
8312
5865
7250
5767
6384
7783
9014
2838
243
6027
5250
6934
5087
2434
8825
3099
3055
3883
3700
4635
7788
248
7758
6242
192
760
4243
2725
4827
3967
2087
3139
6184
5689
5258
8921
3473
624
1759
68
6651
7009
7003
8091
5795
5828
7542
8851
6063
1242
9838
203
1491
3948
6446
8035
1061
689
760
5888
1008
9199
5379
3545
4889
637
2466
4714
1261
4225
4782
7913
7587
8137
6004
3382
317
3546
8585
6381
1141
4775
6584
8984
5076
3030
7019
6137
72
4131
2025
7432
3331
7404
977
8220
4393
3443
2934
5654
7669
4068
9919
1608
2206
2275
1342
2523
2174
6280
8904
3315
1055
1841
2299
6131
1223
5670
8620
1295
9801
645
8728
3132
4401
6057
7704
5146
9501
6990
801
3522
1059
7072
5130
9617
9348
2824
2140
1522
9104
7397
1189
160
5590
9840
2643
6813
5510
1264
8109
1663
8261
3189
4796
9015
5598
8852
4161
5099
5843
1314
4973
3254
8387
6455
2871
4087
9280
5011
5609
8384
8760
3150
4896
4350
2990
3892
1164
4852
1508
5625
6515
9769
5166
7663
5136
764
6516
5650
2216
2359
3316
7189
5613
1703
3645
8484
5790
2925
9847
7751
7661
4960
901
2558
9310
243
6450
6826
5095
7958
8803
1611
4079
3969
9274
5568
1086
2142
1218
3302
853
886
6843
6466
2590
488
1302
4732
9765
7502
8836
7427
8814
6089
6337
4476
6333
2787
1303
1428
7097
106
9391
1176
428
5018
3096
7866
7160
666
1168
8014
1553
8011
832
495
4852
8487
5227
969
2341
4063
8396
1155
153
4733
5631
2838
3872
3286
618
969
9745
10
8498
173
1380
1594
4391
8540
2261
5559
2906
166
9922
91
661
1126
4930
5888
2096
7271
6304
6844
4778
2809
7930
6761
5647
1802
48
2617
9124
9793
2627
3974
6318
4007
1920
709
8900
533
2620
8158
699
8894
8249
1360
6373
9531
3601
8469
3154
6257
1665
7932
9066
9595
4694
1065
7750
1094
3682
6874
887
2662
7200
3557
3021
9120
618
8273
9654
9590
6432
6705
8484
1033
8066
4857
565
1667
9678
3719
4276
1344
8004
3342
939
9050
759
8689
144
4441
1915
7383
3455
9115
7292
6477
4588
7910
4750
594
7500
7534
7299
2336
8568
5365
3546
5485
3384
9576
5556
7660
920
9912
7354
8212
8962
4465
3253
9106
8907
5169
2841
8714
636
133
5191
1576
8043
6294
2170
1895
180
5822
584
8748
7539
4130
585
924
58
2494
4936
979
2406
8643
9191
7721
3108
8796
3179
8367
3965
6021
7082
954
6154
8625
8882
550
1271
1053
2445
1452
6875
9381
6552
4414
9863
3490
1690
9922
5984
2979
901
4742
7974
6444
2463
1082
5240
5643
5802
5558
8016
2884
2864
4170
7861
1746
4720
9133
9151
3518
6937
6026
2899
3489
6793
2763
3331
4835
9037
9315
7814
6290
410
5788
2734
9225
3223
4326
1220
9025
9884
9236
8261
9100
3407
6122
847
4479
1607
9998
7997
4896
2377
7249
4738
5522
6364
8069
357
5401
3737
4524
1691
4147
6664
777
9724
9887
5103
945
5264
1340
181
3525
440
9940
6000
7639
772
3959
7638
5121
8856
6367
2370
9946
1889
5086
8015
2246
6839
1752
3122
8530
2251
9787
5659
8328
6026
7115
9273
1291
4807
5806
1168
5247
2099
3520
9239
2871
7480
3229
7992
2688
9596
6715
2634
7837
1801
649
6435
8641
8754
9558
3523
7357
5697
9183
5685
1723
2650
1310
9366
7457
3469
535
9056
5568
407
8295
8439
7887
1524
2783
6927
7472
9498
9561
5309
1300
6563
8097
6293
1669
7655
9816
5378
3352
5351
1064
1427
8001
8726
794
5458
2195
7681
4515
4115
8088
2810
2554
2328
687
1690
9255
4511
1188
8817
6173
2488
1732
4270
8781
3401
8277
4950
8779
7981
301
6195
9408
8303
1274
6554
113
3469
587
4628
7585
8676
3791
6491
7356
830
8181
6611
5341
5722
1780
1514
4562
9864
2136
9696
9617
413
4646
8397
8394
4947
944
7803
9602
2218
4357
9716
2040
1297
696
5977
6325
4487
2468
3681
5317
7002
6644
659
9076
4777
8525
3638
4641
662
3334
4259
1075
7980
9008
9470
9280
9952
3625
5234
8523
4334
4950
563
5631
1999
6540
1956
6486
5360
1989
8156
8714
4986
5167
7790
9763
3692
1429
756
706
1115
1367
1782
9096
375
7604
4728
6680
7581
9962
1555
1915
1265
2118
3899
3264
5010
2207
6102
6722
4197
4258
5437
9183
5777
9579
5298
9470
7360
6054
6528
8476
7422
4662
3924
4149
8618
8652
7181
6199
4966
8736
4467
2583
7206
4718
2199
2216
6925
4654
8939
7474
5264
728
3009
1042
307
8307
6864
4020
714
3392
2496
4488
8055
2772
8637
6673
7776
2171
9225
2742
907
3692
1678
8114
8410
3877
330
1687
4883
5621
9162
148
2701
2171
1190
9361
6831
8054
3381
7545
7798
2229
2033
5853
5001
7022
8879
2777
9193
8104
1871
6453
8148
9901
4567
6558
131
1249
8245
5014
3223
3759
5162
5924
2283
2704
5285
9114
7110
5018
3011
4909
7247
1396
7114
8600
8418
2345
7729
3964
449
9601
417
4949
9502
1336
7859
9633
8937
2457
1000
2160
6216
6162
4437
8499
8867
9722
7613
2329
1093
624
7238
4692
8372
705
3293
6791
3050
1022
7107
9852
6975
3876
4801
2830
5212
2661
8815
4149
5118
9815
6310
7686
2330
747
6186
7549
6821
151
9878
4266
7128
3469
8959
5500
4174
8604
8643
7224
5978
5750
7076
2954
9626
8230
2136
1190
891
951
5340
2361
767
8002
47
3097
5101
2585
6998
8274
9089
6876
2541
6217
345
7852
8069
4519
6456
6713
8096
8786
8815
1524
1740
4794
9754
3876
5984
6997
1180
7676
9358
1947
5678
5758
1396
7131
4695
8394
5406
3784
1622
4299
6353
1968
8503
4423
2839
1311
7488
935
97
2655
2460
1838
7449
2214
2066
9786
5564
3246
7462
1274
1545
9493
7032
9293
6624
8080
4039
8382
1864
5662
9033
4570
7630
7536
5345
6821
8847
2833
7757
8945
1840
217
7135
9290
8783
5553
9076
4347
5152
2890
1974
6697
2383
5358
2343
5360
3438
6382
3742
1655
2044
2776
6225
6026
312
1570
2848
5512
755
605
809
2595
7174
7944
8237
2309
3497
3665
3009
8649
6556
4983
1699
5291
341
4042
651
3780
424
746
1787
8821
9874
8012
4847
6538
5934
7695
2050
6689
4652
2859
5636
8178
7155
226
488
7005
3891
3497
2006
6799
4832
3705
8443
5173
4099
5446
5305
876
6192
7092
9697
6066
1456
4544
8957
7390
8592
1007
431
3244
219
2420
1423
7374
2646
8263
4379
2889
8112
6386
6041
2944
6443
4484
4469
6895
9930
6127
7771
2475
9571
3820
4893
1028
4716
3850
4770
3308
4858
1554
2905
5077
326
680
8803
2972
5295
9535
2213
3407
5921
8254
2703
8716
2738
7172
5611
9021
9651
9734
1496
9223
3554
6389
6603
8271
240
7725
1579
1450
5631
836
2879
5957
7868
8034
5281
3163
7569
7495
6570
9842
5749
9273
8559
4840
2798
522
213
8801
257
1709
4376
3811
4450
979
8434
1042
5057
6366
2492
688
7202
1723
6646
5071
9758
8279
4586
7327
5774
7509
7170
7876
3134
2081
2716
5932
2603
2929
1086
2860
990
5462
3024
1792
2794
1458
2835
7851
7824
1679
4891
1379
3403
7889
2802
9513
6169
7388
6840
1943
4897
362
6171
4384
2443
5239
316
5047
4520
7754
4259
5510
3217
3635
7303
6011
1446
6490
214
5622
8169
5105
7001
1572
9347
6155
1085
5516
9896
4278
3811
1145
4640
9983
5529
3436
5222
2198
4835
9743
9952
9094
1605
3169
9082
5260
5532
528
1750
5746
6150
9920
7204
9504
7844
6551
5659
5282
2067
5555
5912
2230
6701
552
2213
2230
340
3788
4428
5175
9883
733
4270
1488
3902
9704
6749
5787
232
4851
1533
2734
4771
5089
8590
8968
1640
4250
4250
59
6157
6514
2290
9210
7066
855
7793
7407
4643
8573
8934
4526
9306
9556
2367
9561
9260
5468
5348
5844
319
6881
8579
5091
1971
3521
411
9963
4123
1013
23
281
7527
8665
5843
945
9520
3636
4704
516
2210
3639
1394
7868
3195
3761
7429
2456
9229
2777
8300
9549
6011
3231
992
7982
6753
1403
4297
876
2416
4320
7509
9943
9337
3353
7240
8858
3341
1945
9374
1903
5584
768
9772
8779
882
7201
7587
111
9979
5888
9660
5990
5471
7004
324
8576
8407
4621
5805
7175
5294
3314
3470
983
3019
711
9841
6361
2656
5567
4616
4592
2688
4388
3371
3570
1590
959
33
7921
3199
6046
263
8670
3050
6939
3599
7810
1560
9404
4985
3206
9070
4808
4190
2090
5519
383
4803
4527
2303
9419
9119
4991
160
8842
4913
1750
9801
1298
6023
9352
7344
6286
4375
6747
3225
7974
4557
1137
7378
5894
696
2800
7054
1238
1242
8925
7973
6045
3452
276
1817
8923
1619
1977
7766
2884
79
3919
4183
2454
3272
7879
5092
7647
978
4669
1973
1887
2158
9351
7782
2854
8503
1188
444
9746
114
8418
2143
3566
8694
3960
2490
6666
2289
6608
9550
8720
527
85
7526
151
7965
2618
7798
8943
7287
6123
831
9446
5474
4965
8652
330
6153
5449
76
6267
3867
2219
6186
8913
2532
5028
5579
4821
1636
1482
9894
8515
1567
7420
8667
5884
6391
2817
1180
3678
8941
8363
9476
767
9680
4481
1097
2185
9930
1173
4805
149
3393
991
9062
5925
2371
994
7098
359
8828
3344
8874
395
765
3893
2632
7156
6711
164
7186
2004
8527
3015
2771
4559
7496
221
6744
3778
1394
1549
3927
1139
8892
9341
3416
7615
6687
6867
7974
5515
211
6849
2263
7328
742
4895
836
3805
5059
8023
5809
9938
7390
4933
4497
1238
5154
7593
5016
2900
5495
5295
392
4387
988
160
2003
7676
7027
6329
3191
3591
3178
5454
919
273
6701
1756
430
8112
6131
6240
4402
3521
7525
8899
4759
2679
2845
6127
1931
8340
7774
2323
9079
8762
2484
7434
6438
9511
3764
5982
9454
3294
7788
374
9919
842
8482
350
8954
4613
2942
3357
4486
467
8608
9245
9498
1453
1724
1429
6145
9498
3753
5225
8260
2589
9011
1051
2100
2775
3385
7907
2422
1173
8281
2341
2015
6763
9043
7322
7728
1985
679
2214
8804
5639
1459
4654
3445
3183
6084
9590
9033
6189
1167
7293
8778
6531
4696
7230
9306
8081
5137
8080
9255
9770
422
7622
2885
9465
4944
613
7803
1975
2827
2959
7615
638
7614
1060
173
3698
7002
9206
6239
4522
2852
1369
1053
7548
8599
6711
5630
89
4792
1237
9859
1566
8859
2745
7383
3804
9710
1538
2131
8890
4498
9746
9528
2112
7158
6054
2162
513
1612
8401
1387
4464
6122
2440
8365
4721
5503
3995
1162
6647
5232
7374
8213
443
6471
1949
599
6181
3487
2731
1423
4337
2477
952
6449
5988
3358
4963
2853
4970
9716
4240
5787
5838
3032
4152
6912
8535
4499
4426
5183
6083
1800
9748
6526
8271
8049
7126
805
7889
9857
2228
2226
8686
9532
5028
1026
9242
9991
3879
4213
6060
8119
6352
1898
1151
6856
5162
6039
1355
9589
7574
3790
1389
3674
316
6013
1724
3794
3170
9613
3
1750
8191
8690
7635
3219
6068
6877
9563
9948
7442
5623
8067
3794
3873
5571
7002
9036
1610
8357
8625
9184
8499
14
2858
8816
2379
934
8962
1901
6899
8966
3652
5091
4008
1287
4662
76
8164
4225
24
5607
6200
4444
5753
74
15
2756
9110
7977
7465
4087
7161
5965
453
6371
1133
2833
3658
6447
4734
557
5413
4738
2000
9421
6025
6663
5850
542
7240
5874
6149
9793
6670
8254
9867
6685
1010
5329
1014
4828
9416
4527
7145
9869
899
4630
9054
909
1077
141
1466
6491
4879
3467
2264
7257
6482
8114
7799
3722
341
3948
3515
7011
8554
9734
49
5917
1415
1063
745
831
1943
4242
7053
2842
8872
2459
103
9949
2600
1569
2792
3832
5036
5057
1089
1518
3171
8888
1593
9864
9188
1460
6876
7742
1195
3277
3659
2610
4340
756
9794
6283
4998
3199
5477
3870
5658
5580
172
4611
3502
2964
4795
8538
8021
5884
6409
7545
1124
4354
7409
6664
5814
637
4406
7009
3914
4418
5972
4607
1526
5766
890
6525
8965
2720
6747
975
4652
6919
5586
8154
6236
381
3045
609
2617
5806
8154
93
160
1916
6757
5974
8905
1164
9336
2820
1934
5308
3779
3460
7426
4669
6337
2743
3741
9437
3718
4746
6356
5657
2900
8944
2390
2297
9554
1360
8103
4060
1453
8263
2328
8211
590
1234
5727
6278
406
4013
7938
4185
7473
5364
5206
163
4459
8948
9600
8177
46
2308
186
2946
1253
8929
5244
7159
289
9699
1219
8094
4315
3548
2657
4905
1134
8384
1183
1540
8749
9121
5725
6223
837
931
2738
5296
6231
2338
9825
6277
4646
12
5576
2251
5293
7172
9410
5582
6871
630
28
1186
530
2686
2443
1664
7422
9978
3204
6172
5451
5281
8747
6288
2564
1485
1584
5148
3823
7762
1425
4821
7774
3353
7073
9419
525
6483
1353
3749
3465
1381
1287
3995
4067
3731
5659
1490
3709
5215
4014
9161
496
2761
1801
3061
4246
3386
8209
4421
7500
5986
9242
1626
5692
2667
1045
2569
9151
2398
6318
8968
3779
7606
2964
4199
7689
4975
5689
1398
191
9703
6911
687
8816
8713
100
3062
8451
4661
7483
5951
648
3077
7577
6340
5745
8622
5261
1248
7372
1580
216
1151
5538
3180
5350
3227
8156
7391
977
4699
3446
7889
1738
2262
2954
8191
1676
7757
2852
9159
3708
3500
8589
7637
6192
4334
2611
1454
5582
9983
9386
5798
1134
4924
5331
2837
4503
9839
228
1832
890
27
6073
2628
2289
9027
819
318
6784
3672
5829
6844
3524
4418
4481
6069
5104
7092
3875
7038
7075
9613
9189
4562
889
4520
3751
5392
711
331
7224
1601
358
3298
581
9000
8677
1401
9318
5462
1425
5147
2306
1301
5918
3140
3722
1022
6584
3949
8061
3660
3562
7250
4574
4451
8122
8325
6195
8833
8656
3420
434
5367
3070
7367
4367
1747
5120
3685
3561
2897
5184
2220
551
1102
5360
4273
2125
1944
4575
6538
1956
8137
3788
2882
8941
1910
1207
5136
743
6216
4908
7529
1583
7978
4896
5950
6078
6369
5987
9639
9266
7523
1859
9817
8626
3571
443
7103
1868
5018
3641
176
3155
7429
3059
2096
5691
4266
3585
2786
482
8493
315
8417
6472
1563
4367
2550
7932
6706
8541
7199
4230
6753
3368
9208
324
3811
6311
8544
8829
6304
8721
8337
85
1780
6785
5776
2398
370
8562
9233
8864
5229
7650
1688
6792
8370
590
1077
1428
9131
4628
5658
5884
7996
1218
2561
1808
3881
7457
6989
185
6178
5326
270
4310
2112
2398
6709
2482
960
2294
7698
6189
9944
9386
9334
4666
6328
6763
6095
5460
1391
8105
7696
5739
9324
6609
3899
9557
4067
889
9743
6597
6215
6365
908
4679
8764
3969
7162
6076
6263
1212
2266
2559
599
7952
3578
3279
4715
9673
5091
2458
4130
2788
4549
9806
5749
8449
9364
6168
5690
5459
2766
8257
1824
26
2937
6940
3995
6451
3017
6610
7663
1635
9169
4614
9587
2747
7894
654
8772
2985
9464
9255
2125
4013
5413
4227
8814
4777
395
856
6588
9513
9114
8413
9539
8403
1705
3534
4854
4722
6496
8869
6357
5666
3484
2296
4765
7730
9302
9890
715
8766
5497
9193
9132
910
3420
4298
2040
167
5155
8628
9681
621
3393
9220
9024
5099
9107
230
9821
5603
9099
2531
7621
2583
1179
8739
313
482
4981
7381
9248
478
2926
4732
1388
6346
9031
3428
6513
538
2057
6194
7511
1802
1767
2887
6901
874
3117
3075
2829
8568
1958
451
7504
3137
5542
7817
3619
523
1550
9220
1001
4476
3952
8741
7174
9335
2170
3688
9873
579
6234
7384
2381
8001
271
5635
5227
9740
8710
4409
8309
668
4860
5813
157
6754
9982
3777
7277
7885
2997
8278
2361
3301
7019
5888
2637
5541
5928
8862
6120
2162
2599
4854
6516
2870
489
8095
8963
9199
2504
7272
6219
3716
9437
6376
470
9419
6505
7747
3656
5854
2377
2370
9156
5749
8258
1793
1290
4186
655
3763
2700
9606
8617
9216
2477
5458
3664
7792
1009
6168
1416
7228
6237
853
9956
6707
6624
2814
807
281
8668
3184
2651
7824
5285
7261
5969
2928
1447
2977
6691
4147
2583
1660
9716
1412
3470
3380
9204
4479
5900
6972
8059
2137
7825
8015
5197
802
7181
2356
7435
5850
1892
6438
26
7178
3699
5996
106
5146
5325
3149
5645
7908
1161
5361
9321
4631
5093
4877
9110
7346
1850
7169
5835
6027
1536
7384
3181
8718
9740
616
920
1633
3406
946
8811
7105
6942
5269
8603
2267
4770
4249
6528
5931
5962
2201
562
7408
7078
6024
1106
5280
9545
6941
7660
1081
678
841
6151
418
7810
7071
2051
1216
4370
7214
8322
1312
8835
3277
9932
3605
3878
6460
9536
6193
5013
6450
3601
2091
8826
1059
3724
8371
4352
1384
5805
5030
8577
8308
5449
6387
1732
3852
3956
6102
1067
8630
7414
6254
1907
3698
9860
5786
6510
5748
1979
1523
8551
1932
9967
7377
2991
3691
5749
7343
1427
7906
8726
6356
6214
4175
9096
7946
8027
3052
400
5446
1682
4167
1701
9941
7865
7913
5727
4376
3661
4058
2251
2212
2342
2218
9590
1685
2261
1691
5381
40
5949
4107
6397
8515
8282
5493
2814
2661
4897
3214
4460
2931
7381
2513
2872
1599
426
8600
2327
439
9010
4578
2652
1353
3149
8594
3038
5410
6637
4771
5451
8938
8878
8200
7453
3512
45
267
2526
4942
9834
6986
7873
3567
5851
7097
5166
2629
5697
7493
3068
1060
2072
2072
8765
5221
666
8155
6983
3655
2927
8786
2593
1805
6986
6399
1670
3383
3018
4196
4677
2852
7534
8902
6420
3385
6000
1586
6014
8049
5432
9082
9109
3856
7507
4226
9077
8173
2382
2412
8181
5309
1199
7126
3466
4537
3525
5136
4273
6544
9332
8950
5748
6866
4205
8520
6603
205
6459
2617
8254
1891
8052
3716
5747
5559
4294
1176
84
6676
3588
8265
8337
1139
1744
1804
2029
5269
3292
6302
8165
2625
1604
266
5843
5809
8786
2447
6014
5245
1416
621
3488
9468
689
9235
1379
4983
6763
1464
8012
6704
6081
6349
7843
7825
8153
6224
9447
7798
8878
3964
6775
483
4230
2618
6292
9369
1417
8659
966
9186
5632
4455
8654
6321
42
6386
7656
6806
7850
5668
9862
3931
8370
4057
8109
2875
282
7556
673
9160
7872
7448
9643
2103
6419
2288
1472
7836
947
2438
7022
2931
3245
2029
9252
3288
4767
3260
6446
2617
5281
6308
2900
3651
365
7361
6526
6999
4917
7200
2512
2790
1000
2155
1245
7419
795
9069
1608
8094
1507
8630
1025
1105
7011
6629
4393
1778
9890
7191
747
1523
3499
0
5174
216
7361
8052
3568
8631
1604
6080
7773
2605
4587
9018
24
5383
8087
1632
3477
5946
6615
855
7051
9978
7484
7796
8109
3726
4987
8856
5249
4838
8856
6775
1407
2570
1180
4975
1201
2784
7407
8974
5389
1994
7992
1766
7377
2431
9750
7207
4729
6365
8062
8133
6344
1898
2281
805
5625
3621
6013
7226
8459
4870
354
6218
7440
1534
7545
4993
670
4952
3967
2412
6947
8311
4178
676
7094
3928
4235
1823
6646
8649
6308
9342
548
8590
147
2525
2211
6160
9751
7022
7382
6457
9593
1174
7991
7138
6167
8662
8443
134
1074
5390
8445
1604
2418
1891
5532
6654
3715
8530
1655
23
7872
2203
4965
8019
1080
7176
4180
832
551
1562
7289
144
2737
1633
7282
5256
6647
5725
5391
7721
7467
188
5677
6238
2080
1209
9244
2147
9740
899
8522
3964
9455
3488
1984
535
7016
2516
1367
7567
4078
5009
7711
3167
2994
1346
8424
9641
3423
167
3714
891
6707
9391
3481
5139
6952
2725
7286
3044
3624
2161
7009
3079
2001
8993
3615
9017
1509
1334
2937
1939
2695
7000
1459
5689
4698
6235
5330
8122
2754
9044
5365
9461
8435
8846
4601
5388
1571
8239
8432
1547
400
1793
4627
2401
786
4594
7771
8647
5928
7060
6939
8624
4060
8398
665
8759
4633
5996
3233
7387
1392
8598
3200
6180
3796
7801
7920
5367
2393
2704
3266
2793
4498
7893
1547
1636
2487
5670
284
4768
2730
7223
9744
6790
1973
409
1901
2958
2757
5134
6697
502
84
9897
6682
3880
4051
4602
5599
6444
3658
8866
5589
8156
3111
3488
9793
1951
9158
6429
6719
8240
4
2815
1383
1977
9576
3284
4935
2334
4771
1632
9188
4855
7881
5870
8736
8284
6824
687
1080
6834
9553
6670
4991
9017
6510
1136
968
2021
7565
4039
261
7569
6854
1644
5898
6430
1281
7185
5116
6052
5169
4304
907
3050
6526
5995
1335
9702
6683
2415
6537
2588
5437
1528
1605
8300
9016
8925
321
2933
2964
6934
6854
6170
4931
2752
2601
6212
9937
4069
8616
5106
8374
9523
4508
1252
1871
5843
955
8554
4611
7492
7494
6400
5372
5452
4700
4388
4377
1373
7321
3694
4660
527
9864
5943
3279
8817
2155
9568
9239
7123
1026
7613
6646
5534
8865
8517
7730
6172
3423
8693
3664
7270
5093
9036
2722
6146
9776
3451
7519
3449
3497
8531
3976
9714
4474
3607
4883
2981
3175
4122
104
4201
1735
6751
6088
6953
1620
3818
3125
1396
2511
3142
8666
3956
8530
7740
102
8307
7543
3974
8108
1041
2505
8437
755
6980
2044
1990
9961
1572
6113
66
2125
4200
3169
8213
7505
1141
8383
631
2537
7246
125
7555
1203
8655
1647
7657
3314
9191
1631
1423
6584
4137
6212
3691
7469
8256
5681
7430
6180
1794
3848
8306
2347
7017
2871
9852
4511
7607
6835
3400
1205
6960
956
2408
5616
2603
6418
5282
8146
8049
3057
4730
8538
9269
8421
6007
3878
4103
9790
58
2249
3638
4716
4596
7008
3940
4449
1519
1547
1284
4919
2752
4597
2227
1513
213
1183
7931
5495
9329
2332
4905
412
7223
4174
8833
3230
8052
9288
9372
4463
7890
3011
9179
8838
6371
3119
3287
7890
1018
924
9161
3771
5521
1389
1636
2086
8924
5919
3933
8253
4603
8838
8665
1826
9365
3851
1409
7417
9491
781
1880
7381
144
1060
6220
2867
531
5859
7109
1550
3135
6271
1673
5008
4012
9661
3446
2936
1932
7380
7541
6535
2570
2559
8362
1935
6410
6123
5705
2253
3256
7585
9635
3401
4997
2207
2620
1881
4418
9730
9783
7554
6001
1456
8914
6365
7469
2361
9301
9401
6093
3194
5936
8663
5753
650
6951
2163
3125
2656
4417
6382
241
404
6135
1591
8963
8755
3472
3381
8485
3255
7287
838
1063
6202
7203
8532
8563
2856
4285
1008
6051
6573
9671
1804
3576
2974
320
6701
5630
1089
3083
2224
7845
9218
3815
6808
4326
3639
6541
2811
3246
3829
3650
4309
6383
7205
9193
4946
62
3478
2306
2465
6403
8329
621
9979
1304
7293
6681
6934
4734
6116
5510
2579
1687
5677
5739
6013
9316
2281
8824
2562
6110
8826
3223
2493
6032
2416
3791
2446
2246
6097
4911
8650
4426
1884
8629
2082
9178
1662
9017
3912
7779
879
2844
5818
6557
8583
1831
2225
864
7007
4788
3326
2186
4363
2171
8218
6780
5962
7016
5378
8411
1927
4028
9190
163
9010
1272
9341
672
6641
9606
4803
7521
2450
6973
430
7385
8804
2655
8250
2164
3795
7928
4350
8159
100
8920
4939
2414
5936
317
826
7863
698
6368
4378
9708
7640
72
6732
634
9678
7888
4507
8480
4861
4937
2217
18
3944
467
2182
7740
4748
2884
5899
4848
1804
7190
7262
7740
3859
4440
1955
4557
808
6333
617
4801
6405
3702
5435
2435
7942
6294
7267
2803
7583
9485
9173
1527
6304
7707
5619
1052
591
7870
5900
8747
5060
3163
6487
5272
3955
4794
6181
4764
1128
6799
9565
3885
6853
1352
6321
4795
3998
3588
3950
1581
9425
9476
9460
5730
7183
5080
6782
4127
2950
9035
2874
4363
8550
5714
9635
2505
508
5816
7269
1636
8967
3186
1874
2172
4538
8195
6967
8536
8135
7270
6469
3913
3098
5930
9643
281
7362
2777
760
6664
1812
3635
7379
362
5701
7014
2868
6209
9183
6489
4198
4502
9676
6072
6675
566
619
9994
9103
5106
7264
5572
9019
362
7854
5014
6996
1568
7792
7756
8233
9604
7743
5612
6319
3444
8979
5539
6006
8162
2028
204
2664
1704
6276
5691
2271
3247
5686
7726
8353
9302
9650
3725
9665
3857
8739
3013
5425
6531
7121
3658
2488
1217
5623
8807
1013
4602
4346
7019
9116
6374
3575
8132
4431
6203
3824
3054
9450
5862
7132
4156
5164
3134
7881
1181
6991
6620
4194
2417
9504
7668
2427
1992
8885
8050
7151
6250
9004
1497
3270
4472
4223
6845
8957
5006
3049
2781
4412
8851
4995
7896
3007
159
1031
888
1341
8022
3861
1887
439
9717
9555
9219
1709
4792
7269
5212
1043
2626
6709
665
7098
7284
7510
6055
8643
6911
5188
3055
5763
183
952
5122
343
1983
2363
8036
6357
6224
6275
3149
5941
5831
2368
4002
6975
5989
9214
4370
8615
2275
5035
5714
9559
8898
8121
8202
5809
3310
7610
7924
9845
4914
9399
6540
3249
1762
4576
9606
7986
852
9107
279
3035
1475
4281
6362
7465
9847
733
6080
2122
5768
8146
8033
4666
6268
2588
6828
5930
6550
1104
5775
1464
6855
2316
4713
8617
6892
671
2955
4096
9779
3234
3483
7606
3867
9846
5071
66
579
7504
2188
2699
2002
6574
3718
8270
5514
6898
4200
2064
4354
9976
3528
1210
2292
4593
9827
5536
1616
2783
5985
1395
2369
9468
9002
6237
9314
425
2655
6245
4281
4844
8945
6284
7770
9015
906
3284
5913
5107
5348
267
1435
5228
7829
79
9821
7657
1967
1437
6792
7952
9185
5513
7421
4539
8102
3087
1316
758
5685
5598
1954
4630
1882
9724
9997
2788
3008
5910
4247
4708
2529
2034
9936
6711
2113
6109
4368
433
3898
7512
8385
3083
3025
2158
7622
1128
1598
5291
1886
7283
889
3840
8265
9123
9916
8262
8263
9276
524
2511
3984
9405
897
272
6116
9363
6381
6836
9796
279
700
4533
9715
3726
3044
3689
1206
4642
8980
9444
8277
9869
9636
6542
5344
5904
1156
3608
5180
1680
2471
5516
7437
3368
5788
3554
2731
8521
390
8879
8800
7443
3413
4867
1169
2809
8557
8727
7451
7537
4523
5728
3759
511
8622
9103
6415
9778
9063
1595
7810
1534
7111
5247
1255
2899
5153
338
7772
1896
9218
6572
9339
8983
7792
6860
1792
6349
5587
5595
238
6462
7675
3997
6973
6297
9453
3388
2427
8516
1335
6589
6403
8446
1836
7658
7697
3342
7996
5469
5238
3566
8393
4577
2549
6185
1437
693
8886
3376
2640
9125
6190
315
9474
3163
2964
8927
2903
1743
3796
4238
8332
199
2684
6521
7857
6733
9863
2205
8554
5101
5772
6947
6030
4673
9485
3819
1719
8371
3547
4359
7496
9737
1027
6971
2900
343
2250
5803
8439
6046
41
6771
2597
9077
9644
454
2162
5859
2660
716
7312
4784
4015
3342
9457
3500
3513
1176
8224
7060
1888
2072
6797
9267
5395
9697
9610
7646
1852
4401
44
8245
7525
2642
7322
7169
9448
5836
3029
8460
6552
6693
3244
6920
36
9054
6772
3549
6582
4996
6962
8470
3421
3759
7737
8816
9809
3700
2814
1661
8101
9211
9907
5626
8205
3581
9148
7653
9418
8529
6114
2322
5222
5710
9242
1610
4764
2367
1512
1347
7363
8474
6169
7136
2233
3907
5953
2042
3959
5119
56
8412
4330
6315
4039
2535
9896
9539
6541
5666
8068
9007
7989
3290
4717
3583
4901
5834
5950
2765
7181
9666
1239
9702
6802
9824
9961
9107
8219
3920
4227
8275
2333
4909
942
2724
7445
838
2263
338
2857
6683
9345
846
6325
414
781
7578
6248
6732
343
9781
2750
1582
5836
9552
7759
5797
8660
5978
9718
2887
605
8403
4148
1547
7479
7945
8737
6094
8283
1594
2777
3980
8792
9102
4395
9574
6681
6995
2658
7024
3129
5408
4959
8965
1312
2718
1114
9972
5048
832
9211
5653
5587
3360
3552
3066
1305
8641
9160
5941
6588
1937
9921
5380
7392
668
1306
4073
4016
316
7449
3497
2076
2408
8814
3389
1478
9928
3361
6526
7113
8925
8531
2700
8637
8435
5767
6294
7077
1279
2235
3665
9569
2157
5397
6961
9177
6704
7386
3193
3372
4835
6690
5449
3596
5504
8838
5074
1785
8551
7953
8898
7476
6484
1598
2465
4920
3717
8760
8349
1349
995
2014
918
9504
7411
4231
8682
467
1617
8227
3840
2804
4918
9289
6400
6774
8127
7827
8559
3030
5780
7457
6859
2264
5408
9324
3536
9125
8084
1885
474
5432
251
7744
4936
4015
1975
3618
4482
9944
8198
4674
9101
9468
3963
5501
6242
8442
9680
1154
1473
5460
4963
4684
4077
371
4008
3965
5849
8445
5851
6323
3877
2454
420
8813
6469
2395
8784
7304
8692
6982
1978
7793
6450
2294
9646
9044
736
9327
198
8561
4787
1514
3245
5216
1885
3606
9182
7734
2051
1385
410
5928
3839
7182
1093
6661
5929
9877
317
4621
3211
2295
8766
6013
941
8413
5058
8030
7740
1608
6591
8879
3122
6189
4096
1360
6147
3278
5446
8198
4663
5856
4126
4854
3038
1571
7867
5320
1449
8184
9941
1012
480
8708
7026
1421
3473
2084
9451
7565
44
2395
6444
3167
4936
6892
879
1083
6522
6325
5633
7537
2182
6111
2392
1572
7682
259
6892
5483
8444
3186
6496
5276
8246
3522
3049
1719
1958
8853
9284
2002
7600
2080
1521
8888
5325
2400
9971
1847
8726
1956
9385
7260
8067
8129
5184
2101
4740
8429
7585
9536
7967
4081
4812
6213
3955
4214
4284
5913
3067
3568
4267
7019
2000
5789
5907
3677
4541
2230
5525
3267
4186
1262
6879
8605
5743
2064
706
483
6845
8291
6372
4812
8724
1184
1025
2679
1750
5309
8592
1169
5229
2860
8188
3581
5001
447
7259
9542
2677
9136
9162
3215
398
6041
1820
2493
4457
8879
2976
1302
7170
9348
2466
5895
6885
3491
4926
4987
5152
3519
6157
6733
2731
697
315
4084
1145
3926
3626
174
3062
9140
3390
9812
5182
1562
2305
5991
441
1633
3646
3964
7334
6112
6211
571
5956
1137
5558
1108
1008
8067
7842
91
8765
4509
4175
6262
8435
4154
2788
7849
3294
2530
7661
4828
4093
6318
7172
886
4303
818
1202
1637
6930
3765
2208
2886
1255
4119
347
2263
2186
4541
8707
7303
9050
2882
9917
3837
3388
2706
1686
3035
5236
5699
7863
5681
8369
5035
2920
2672
2205
474
4310
9136
4240
2870
8374
5495
6989
8721
4110
5528
3262
2817
9183
8664
2052
9101
2501
5440
8159
539
4827
9747
2590
2691
1781
959
4078
4701
9984
6284
5175
4294
1772
5767
3516
6498
1262
6858
5220
1725
8738
4834
4542
7921
3499
2946
3374
2352
4739
7885
9244
9566
7633
8186
8609
9414
5498
2688
467
5482
5324
1994
6128
3448
4114
9644
9946
1728
2854
1518
3453
1592
6353
4348
5866
6204
7294
9240
4908
2033
3478
504
1600
1111
8691
209
6877
4189
9249
3696
6023
925
2042
2151
4373
6156
8147
672
7885
7354
2190
7690
8946
8543
2038
4812
1099
9333
405
6008
1366
3883
6512
9318
1346
1555
5880
4575
2096
5129
4623
8119
2407
6665
6622
6780
9174
1122
7452
7059
8476
5995
4749
3774
4538
6788
8587
5638
2473
5344
7998
191
5579
862
9510
6925
2418
5390
7852
866
6871
2475
8986
9278
5492
1960
2411
4666
3082
6215
8077
7910
2210
2827
1685
3101
5967
6624
5091
4792
1968
9441
4983
7547
303
4493
824
9073
6235
5028
9940
9459
3855
5278
5089
9347
7238
3852
4014
6673
68
2091
4583
8630
1270
6268
8083
3589
9244
9526
8381
1212
8967
9717
5111
9271
562
2287
8344
6798
3667
4636
2609
7522
9914
7698
6870
7153
7903
884
178
4323
9327
4761
2953
6950
7382
7389
539
6626
6915
5273
4191
5883
4990
5654
1506
5552
7942
6202
8702
1609
839
7663
5484
753
5362
2354
4258
3265
9590
4436
7588
8917
5550
6893
5867
2932
634
2759
5910
7550
4384
101
9785
9374
2108
7643
1278
50
3845
6333
8011
1036
3996
9847
1790
5710
2201
2400
5327
1791
6837
2915
7061
2387
6161
9280
1671
3147
8391
3933
697
2775
387
6834
8501
2495
4477
9780
8897
4675
6113
6908
5711
6461
6756
3853
2172
5309
6254
7499
3453
9443
6767
6866
8182
9280
6146
9853
2427
890
3786
9477
3665
4173
6311
2167
3020
7141
8299
1917
1816
764
5178
3879
7225
1934
7733
9397
3595
339
3249
7048
9782
16
3914
7964
9296
6413
7817
1723
3655
7955
1200
7320
8481
3864
5839
1501
1005
490
3419
9173
1254
4949
3052
4832
6883
7137
4229
6830
7476
7478
231
7258
3846
497
5222
3142
6910
9391
1218
565
3699
8770
4238
8532
2634
6429
6385
9991
6920
6156
9164
4526
1105
8569
9358
4340
5706
9940
1171
3183
3770
1402
6793
3969
1899
2016
3463
5162
7759
4681
2079
7810
9804
2669
6342
2438
9099
2728
8782
2371
8884
4298
3249
6342
2867
2608
682
4926
8900
1853
8109
9022
9607
4902
2991
7859
3270
6455
3021
7382
1136
1452
5192
7292
4122
7887
9731
9573
6967
4865
1944
5851
9163
5193
2193
8383
4153
9228
3309
9405
1081
1418
8428
7041
2672
1419
4900
2295
7874
7921
6029
5363
5725
7573
2655
9847
5460
8738
9420
2427
3603
7716
4631
9119
9262
3176
7502
3415
8756
811
2821
9838
8581
7601
3231
7605
9020
8131
6252
3247
2404
8633
8610
8129
6207
7617
7977
8019
6356
3749
6799
6311
1466
7782
5430
7080
958
9284
495
9715
95
9668
5905
5028
7269
9136
8986
2642
3619
5238
5889
6023
3872
851
504
6431
8468
8481
4450
4824
8583
1249
7488
6401
9031
2918
3481
6342
8555
328
2409
5002
6349
4666
31
9970
154
9017
2612
3773
607
8501
9796
831
9352
300
7262
4173
5134
1713
8997
69
9314
6485
2822
8346
5756
6303
4688
663
2983
3449
5665
9332
8115
5696
9303
8269
1065
1915
2042
1673
6769
8190
2504
2473
4842
9767
6646
6328
7832
1996
2749
7146
4833
5571
1844
6941
1874
6532
7604
1210
6333
3270
542
4448
5318
9845
9069
6384
8113
1111
4409
1234
5653
3265
3707
6848
9384
6706
3176
7216
8702
5926
715
3535
7849
2559
477
6076
9092
8081
7286
1777
1351
7828
6226
3022
4026
5295
9406
2139
2759
3815
3373
4764
7080
3432
1612
2817
138
1141
33
5192
7067
748
8728
1268
3308
5557
7344
8752
9990
4630
529
1342
2459
3107
716
6485
4755
122
4976
7514
289
4701
2278
3721
8133
243
6538
4624
1384
6572
9816
4803
3672
4896
6071
3332
453
3416
2084
444
8046
8966
8138
6857
8425
8854
3342
3180
8976
4670
7046
5617
9371
5677
9338
3857
5920
5877
8481
7304
8801
4649
2107
8825
9546
4530
2158
9999
7946
4242
443
2345
9560
4933
9202
7986
3787
8897
1166
9115
3567
4565
1084
9291
242
423
3148
6162
2652
1629
9818
7805
6278
8277
6630
2176
2807
8788
2176
7106
9383
8971
9451
8943
3905
5005
3281
4044
3902
4448
9512
7470
9013
596
3113
5607
7371
6261
1769
23
4242
7939
7828
6872
6216
4459
9049
5375
9599
1225
2481
8982
6548
8284
4278
6805
3290
7559
7202
7192
8359
6714
1014
7372
3662
4127
2979
1034
6740
1100
7409
982
5391
1590
7855
1607
6049
3256
3335
2000
4481
5816
983
7381
453
5261
4187
3743
9172
1389
7287
7532
8103
4654
1256
8117
5133
588
9151
1874
1688
6561
2856
7080
8151
7063
5039
552
319
8374
8904
1152
543
9887
8534
996
1500
9073
1091
673
462
8378
4557
4917
3032
5813
3034
8166
6401
8538
40
4442
5099
9248
7874
9602
2664
2913
6506
9335
7640
5410
488
8183
1650
5374
5531
9502
4447
6622
6527
4909
5000
1084
6178
8033
6898
9212
2551
3299
7750
8943
7741
9201
4543
5615
5155
7207
4881
1661
6543
2521
3424
3383
7056
1426
5109
2587
928
9556
9209
7456
817
4209
8540
3347
8594
5438
2559
7497
5090
6662
6440
9183
2215
984
1151
7371
4543
6032
5384
7438
4905
5160
7173
1961
6586
2282
4548
7515
8190
3757
1323
5359
4318
9863
8706
9265
1654
7618
6762
3096
4280
9555
2279
6495
6891
3430
218
1434
5814
1955
5225
719
7115
2398
2680
3702
4681
7228
7569
9223
7337
8892
4583
8008
5107
3289
7273
3113
907
387
6209
1539
9942
4841
4387
3185
8271
957
4620
4086
2912
9845
4805
28
2243
3838
82
3276
7418
4003
8852
4756
2895
3435
9116
4354
3076
2741
7468
336
3128
29
1875
9423
4870
2614
2608
9494
3572
3580
3580
6484
9777
4737
2864
8373
4927
9298
1649
2346
3301
501
3454
2548
288
2570
3255
3365
5311
723
53
4791
7104
8280
566
1975
895
3175
1469
819
3107
1401
3655
2885
2490
6520
1258
7418
2170
2907
6116
5472
9761
9570
4372
6401
2140
7627
9766
3803
8350
9819
8594
5455
8100
9161
3782
5347
8688
5251
6166
1795
3004
9821
4680
1846
2693
5938
9264
4864
5198
5380
6688
1311
4950
1060
7712
3442
8688
3831
3597
3390
2
2192
5197
4454
7705
8979
9801
2745
582
5967
4540
9938
2141
5573
1785
4834
7863
7401
6050
9413
2782
2738
724
4084
3799
4789
3879
8839
4972
7476
2229
4974
6020
7427
9429
3725
2758
9230
6470
9693
1550
7363
9631
43
2936
1416
1229
7151
8818
7280
6565
7952
6370
3641
8388
169
4782
2267
9008
9754
9744
7590
4729
5764
1369
510
5842
4127
9740
8664
3820
7642
6027
9804
7685
5315
7572
5267
8819
2742
2547
5384
694
8917
5377
5435
5439
160
7702
799
6266
3798
8389
995
5915
9758
1505
1757
238
7598
6773
410
1592
2801
214
5630
4468
4139
897
3287
6881
3444
5023
3928
8713
401
9363
4152
6913
3417
4952
3179
7216
9693
527
9483
5804
8384
1240
6042
2334
4365
6452
3927
3518
3019
5909
7987
7158
6806
7626
391
6602
2650
671
1667
9403
34
5820
2668
3452
7124
5847
7020
3169
2726
6503
8973
1111
4095
5015
9797
8460
7820
3724
1979
7191
5985
6318
701
2791
3944
1092
5745
2946
1764
7413
2349
8150
9585
5017
7954
3061
7217
4974
6230
9943
7829
5204
7406
1924
6571
7204
6737
743
7280
8716
7934
3266
1386
8635
2409
5330
6080
8155
8277
4196
5568
6978
2346
5153
8348
301
4566
5565
1627
796
1860
9457
2352
5619
1381
5276
2823
4470
6019
6455
9538
306
9721
924
5293
2131
6255
1373
6638
884
5569
2206
7862
7916
3711
2562
4569
8277
8127
6196
5425
6340
5653
7778
1959
3387
9406
1134
7857
5425
7589
7396
2083
3663
4672
7377
2146
927
8750
8784
8163
672
7342
2378
8588
7405
4940
9509
2034
9420
5705
7459
2112
1359
1589
4071
1098
995
1557
8955
2773
5498
2703
4856
9161
3728
8585
7659
4655
7336
2795
9171
8008
6489
1549
2948
246
2841
2457
2280
2261
4514
6092
4373
5873
4033
4796
3323
5029
2705
8631
4154
8204
1334
5362
3717
5062
3948
7729
6070
7636
524
1593
1996
7014
9494
1296
7260
2335
105
5893
949
4619
1985
1674
6845
6018
2823
168
7399
5528
8799
7905
84
6486
9620
3802
7900
9920
1531
322
3908
8407
1915
5904
1773
1409
3552
5386
97
3657
1279
7398
8276
9616
9072
5121
1986
8247
1642
5738
3776
441
3643
3860
6927
9615
4014
4828
9535
1897
1502
3443
305
3418
5699
2078
1179
5603
3816
7628
9260
5095
5026
3889
1063
451
5362
3050
8698
7004
5140
2474
3798
5135
2687
725
4751
3053
1905
638
4951
3408
434
1608
3178
6133
38
709
1737
3855
8338
7349
5302
3364
7590
6366
3815
2953
5768
2514
6309
908
1340
107
6043
379
7185
7146
3433
9090
7785
8384
8850
8219
9992
8380
704
6382
9090
8793
237
7428
6143
5540
7144
3733
8258
7312
3038
4026
9826
9348
1286
7518
5807
3681
7898
2992
828
1331
8435
8613
6067
7285
3184
2411
2018
3888
8793
1108
2682
5383
8536
8825
923
2032
8910
5533
9344
8301
5911
5522
7649
7197
3041
9808
7230
939
2801
8058
8622
1236
3023
4689
4873
6207
3452
6891
96
2245
4351
9130
7628
9239
4307
4903
1272
3217
6788
616
1518
2699
6139
5519
6248
9180
5328
3479
6471
4481
1537
5093
2069
913
6134
3294
7120
9586
6538
3568
8183
889
2698
2164
129
3357
3419
1401
2927
208
2017
797
2907
4508
6317
5508
3688
7997
8987
6511
8830
6876
7956
899
7789
4090
545
1262
28
7083
1182
4564
7973
233
6728
4454
3590
147
2207
6517
355
576
7315
9615
5085
9984
5123
5125
4333
462
1637
3163
3690
9593
414
7832
36
959
5446
6416
8043
6628
980
2368
6861
4060
6822
6804
4208
5381
3321
915
5957
6988
6882
1042
6972
8357
6168
1305
8819
4157
820
8862
102
1234
6694
6490
2194
2140
2907
237
5120
239
8957
1982
4300
2131
5138
4860
7512
8459
2127
3469
1800
9010
4512
8772
7367
7032
6430
2539
1189
7250
1401
1291
8485
8095
4134
7031
6587
7041
7268
1707
3632
2577
41
4284
4708
5179
9144
2220
9991
1272
2041
1791
282
6553
6915
4001
9937
3345
6540
7478
6948
7941
5122
1785
2388
9256
8816
8975
6297
2436
683
6281
5013
7076
566
6073
2256
9710
4645
2247
7334
6686
390
3968
9592
7305
7970
9529
7003
862
7008
303
8804
2130
8440
1192
7738
7256
6520
387
6044
3555
6668
7409
631
7234
3482
2887
3297
8127
1486
631
4813
1876
952
757
5534
5274
287
8889
6136
3647
9192
4940
2129
3984
2485
9867
1240
9005
254
3636
2560
6922
1045
3191
509
879
2431
3806
5358
3917
789
6523
2146
1741
7281
4032
3367
3920
2921
9504
7567
8465
4444
9696
2449
3281
5915
41
2286
6169
3677
1198
9443
1074
4390
9952
8305
6821
110
15
7090
900
6538
9236
8993
171
3268
2361
4091
2541
1865
1658
1006
2661
7706
9807
5943
3621
9848
4581
9790
9877
5780
5586
7303
170
5538
1960
3343
5649
1975
6785
2901
8514
2374
1894
5037
5642
607
9129
4536
2472
7139
5542
1486
4846
1702
7429
8467
7902
2010
4610
7780
4142
6548
1435
664
2086
3396
4007
4087
1723
7145
6988
237
9519
5235
1627
5161
5842
756
6049
4667
7895
1592
2505
9093
9646
9934
3913
7548
8296
4875
1680
2439
1423
9468
3103
9861
2864
3463
301
4587
608
3641
1177
127
8876
2804
1640
1071
9912
7690
2090
4159
5634
4595
3253
5280
881
3518
9180
9177
8393
861
7968
6168
329
7424
6029
9545
887
6330
484
7847
9972
8013
7974
5200
7169
5966
6271
7081
8
4713
7593
5642
9308
7198
7274
6541
716
6455
2071
9109
3668
39
5277
349
3815
7658
9894
1054
3989
6730
8901
313
4744
3227
5513
1913
9194
8137
5347
5554
2850
9292
1197
8511
6490
8471
5052
7206
1278
3475
2667
4946
3515
4296
1647
3682
1954
1541
4737
2295
4624
3638
2608
9368
3218
8122
7633
8764
6259
9332
4318
5461
8624
5515
3972
5114
339
5377
8672
7969
8852
1339
9268
8719
5635
915
2402
3942
8809
3491
6237
3433
7129
8846
9153
347
6968
6786
5463
9579
2471
9782
5040
1095
1649
5365
2562
1988
742
1234
6310
5946
8926
5578
4666
913
6493
3420
4855
5302
6911
1093
5087
392
9939
4240
7092
3259
7379
2555
2838
9850
2337
4230
945
3987
9595
9859
2327
6689
1094
8637
8988
20
4215
6
7285
7061
3426
2141
8715
6689
3234
3803
3433
9525
4395
525
2784
1774
3081
1974
1624
1770
6204
8922
2109
2152
8781
4437
5193
6227
9426
4181
6247
3642
539
3533
7055
317
2026
5770
7006
5260
5925
440
1137
6673
7317
3921
8447
6750
2247
6424
8521
4803
5346
630
6955
4127
1419
8501
355
846
9034
2954
840
9574
2839
4247
6243
1217
6369
3250
6477
2295
42
3966
8968
3711
7887
3767
462
134
191
8983
4938
5537
5965
8245
6017
3737
3098
2724
935
8485
2030
1775
4411
1222
6022
654
2439
2391
256
5269
1038
298
9235
6358
362
3475
126
824
9961
317
6159
1251
2207
2124
5849
4576
2213
8947
3652
3148
7432
5682
4923
8195
6904
7297
8850
5696
6041
9106
965
3431
5757
6552
9790
6119
27
6268
6943
9989
2937
3102
1240
1496
1578
7089
6072
3792
2389
9724
6940
6173
1759
8216
4369
8663
1865
9571
711
4258
8677
8028
7690
786
4581
3832
6905
4608
100
200
949
9389
9654
8542
886
7585
1983
6958
7729
724
3035
1021
6898
4794
9237
7619
9809
7455
7190
521
1713
2219
4901
5755
9358
9482
5939
2615
443
2391
2816
1392
1781
8822
6286
2667
6407
8270
5977
4136
5346
5364
5158
2244
158
747
6215
6320
4554
9757
3193
2620
8329
8094
4727
7687
7577
667
302
4372
3058
9470
2116
1191
8293
8403
210
1052
3025
6188
1541
8371
1552
3051
6968
8063
150
9535
735
4705
9293
3928
7325
7622
2022
8404
5309
5951
9071
1963
323
8482
1434
2440
9673
9727
7195
9884
7131
6572
2424
8672
4943
328
1723
8263
8391
1874
7799
5478
2931
3444
9406
6608
7418
7781
5012
9079
84
4084
1042
6760
8918
2476
5552
8591
8555
2747
8475
5687
9319
7251
4359
614
7580
2435
5230
2323
661
3029
7802
9944
2825
3560
6552
243
1341
1564
5674
7778
2000
6716
4538
918
9193
90
5862
4100
2837
689
9787
8508
7941
499
5474
5521
9286
704
7844
6299
85
1998
6243
9262
5559
2795
9505
3252
711
5179
1030
2712
8248
5568
9982
3793
2010
5844
7893
4847
6534
4033
9707
4475
4532
1534
6348
170
2238
544
6469
8676
2543
2712
7938
4454
5507
3796
7706
2570
5327
5089
5282
3575
7009
1617
7368
9020
7461
1614
219
347
5647
9927
1174
6531
1461
7522
6701
51
4419
9522
8727
6962
2234
3018
7768
4093
6814
1826
6663
2141
6915
8298
5717
3925
9915
9437
2945
3728
1051
3164
428
6698
9443
1602
3229
7256
5477
6282
7308
9896
5804
2387
3210
4390
5405
978
8483
2219
2804
1499
4361
6072
6149
6430
9997
2416
5867
9294
2496
6919
8810
2924
9969
8254
879
9551
5510
6356
5833
9170
2604
7990
7910
5814
2380
3315
3144
7216
1887
2300
5067
2600
8372
1216
9030
4721
3632
1249
4015
6128
4520
9178
5405
4490
7432
6284
4041
9294
8992
9874
4817
7948
4216
2727
114
6597
6042
3258
3813
4281
1910
8880
6881
283
6448
5911
1356
6432
3513
5372
2560
8033
4550
4317
2523
8334
6953
2916
3980
2297
9143
5149
245
3359
7876
359
9956
271
9969
121
4552
1880
5353
1434
8515
8153
3697
9871
4585
7210
1595
3498
1596
6145
7815
4119
831
4769
3388
1164
7066
2531
6313
3664
5890
4190
4023
2199
813
3993
8672
5365
2225
378
3151
740
8531
3201
611
3117
411
2207
6615
2007
4704
782
2479
1888
5551
2219
3052
8970
4750
9365
2634
6992
9907
3009
5543
720
3354
4216
2438
5579
946
5589
2671
9477
8790
9635
8946
5554
8194
1913
3913
2898
2696
2744
1138
4599
4963
4190
9921
6065
9908
8907
3058
9815
1917
4953
6888
5271
5521
9326
7203
6467
1267
6226
2297
6410
5861
1243
8316
4055
3157
2229
3306
2205
1326
4444
6804
2641
8635
6726
5059
8543
5633
4469
4710
3902
9422
1598
5526
4944
924
2729
1411
8544
5307
60
4954
